RAPUNet_Kvasir.h5

dice_kvasir: 0.9389900027019724   dice_clinic: 0.821413627858874  dice_et: 0.8247853366963258 dice_cc: 0.7575693787275838 dice_c3: 0.8241324636640516

miou_kvasir: 0.8849963761823246   miou_clinic: 0.6969481806977118  miou_et: 0.7018167509736067 miou_cc: 0.6097478328019077 miou_c3: 0.7008718569032718

precision_kvasir: 0.9425539312927617   precision_clinic: 0.8897518537803436  precision_et: 0.7983769947170634 precision_cc: 0.7135898749893552 precision_c3: 0.7223138952959669

recall_kvasir: 0.9354529240154896   recall_clinic: 0.7628241995109004  recall_et: 0.8530004891558334 recall_cc: 0.8073259636823019 recall_c3: 0.9593663388511392

accuracy_kvasir: 0.9817763752582644   accuracy_clinic: 0.9734980828029193  accuracy_et: 0.9835864533700877 accuracy_cc: 0.9614994375951501 accuracy_c3: 0.9862287200843664

RAPUNet_ClinicDB.h5


dice_kvasir: 0.8606621892913113   dice_clinic: 0.9613835230086526  dice_et: 0.8289589607071338 dice_cc: 0.7484852761630271 dice_c3: 0.9049375510212269

miou_kvasir: 0.7554056235138583   miou_clinic: 0.9256386205171497  miou_et: 0.7078820749166068 miou_cc: 0.5980635000987233 miou_c3: 0.826379857938831

precision_kvasir: 0.9435175549034123   precision_clinic: 0.9581227658813573  precision_et: 0.7919418074628534 precision_cc: 0.8834975783126034 precision_c3: 0.9076884697096504

recall_kvasir: 0.7911840503645498   recall_clinic: 0.9646665504471464  recall_et: 0.8696063295673789 recall_cc: 0.6492670729837168 recall_c3: 0.9022032562920185

accuracy_kvasir: 0.9615951058884298   accuracy_clinic: 0.9938081615735804  accuracy_et: 0.9837477451272347 accuracy_cc: 0.9674870315558395 accuracy_c3: 0.9936247686380854



RAPUNet_kc.h5

dice_kvasir: 0.9655887830363133   dice_clinic: 0.9674837034829851  dice_et: 0.8798883726004354 dice_cc: 0.7760944693515217 dice_c3: 0.906464642204684

miou_kvasir: 0.9334670459883564   miou_clinic: 0.9370154318596189  miou_et: 0.7855363260920448 miou_cc: 0.6341130503269424 miou_c3: 0.8289303457294819

precision_kvasir: 0.9794463990908633   precision_clinic: 0.9695471338767683  precision_et: 0.8523056050546137 precision_cc: 0.9227531294935348 precision_c3: 0.8704632309085688

recall_kvasir: 0.9521178230705083   recall_clinic: 0.965429037392816  recall_et: 0.9093161455975066 recall_cc: 0.669661216864647 recall_c3: 0.9455724906914521

accuracy_kvasir: 0.9898264785640496   accuracy_clinic: 0.9948150545271262  accuracy_et: 0.9887566427332813 accuracy_cc: 0.9712088858267182 accuracy_c3: 0.9934367198261019

